
	galactic/CUmilta/ampmod_maps//Ampmod_map_dust_lmax_5200_freq_020_rel0000.fits


	galactic/CUmilta/ampmod_maps//Ampmod_map_dust_lmax_5200_freq_027_rel0000.fits


	galactic/CUmilta/ampmod_maps//Ampmod_map_dust_lmax_5200_freq_039_rel0000.fits


	galactic/CUmilta/ampmod_maps//Ampmod_map_dust_lmax_5200_freq_093_rel0000.fits


	galactic/CUmilta/ampmod_maps//Ampmod_map_dust_lmax_5200_freq_145_rel0000.fits


	galactic/CUmilta/ampmod_maps//Ampmod_map_dust_lmax_5200_freq_225_rel0000.fits


	galactic/CUmilta/ampmod_maps//Ampmod_map_dust_lmax_5200_freq_278_rel0000.fits


	(20,20)


	(20,20)


	(20,27)


	(20,39)


	(20,93)


	(20,145)


	(20,225)


	(20,278)


	(27,20)


	(27,27)


	(27,39)


	(27,93)


	(27,145)


	(27,225)


	(27,278)


	(39,20)


	(39,27)


	(39,39)


	(39,93)


	(39,145)


	(39,225)


	(39,278)


	(93,20)


	(93,27)


	(93,39)


	(93,93)


	(93,145)


	(93,225)


	(93,278)


	(145,20)


	(145,27)


	(145,39)


	(145,93)


	(145,145)


	(145,225)


	(145,278)


	(225,20)


	(225,27)


	(225,39)


	(225,93)


	(225,145)


	(225,225)


	(225,278)


	(278,20)


	(278,27)


	(278,39)


	(278,93)


	(278,145)


	(278,225)


	(278,278)


	(20,20)


	(20,27)


	(20,39)


	(20,93)


	(20,145)


	(20,225)


	(20,278)


	(27,20)


	(27,27)


	(27,39)


	(27,93)


	(27,145)


	(27,225)


	(27,278)


	(39,20)


	(39,27)


	(39,39)


	(39,93)


	(39,145)


	(39,225)


	(39,278)


	(93,20)


	(93,27)


	(93,39)


	(93,93)


	(93,145)


	(93,225)


	(93,278)


	(145,20)


	(145,27)


	(145,39)


	(145,93)


	(145,145)


	(145,225)


	(145,278)


	(225,20)


	(225,27)


	(225,39)


	(225,93)


	(225,145)


	(225,225)


	(225,278)


	(278,20)


	(278,27)


	(278,39)


	(278,93)


	(278,145)


	(278,225)


	(278,278)


	(20,20)


	(20,27)


	(20,39)


	(20,93)


	(20,145)


	(20,225)


	(20,278)


	(27,20)


	(27,27)


	(27,39)


	(27,93)


	(27,145)


	(27,225)


	(27,278)


	(39,20)


	(39,27)


	(39,39)


	(39,93)


	(39,145)


	(39,225)


	(39,278)


	(93,20)


	(93,27)


	(93,39)


	(93,93)


	(93,145)


	(93,225)


	(93,278)


	(145,20)


	(145,27)


	(145,39)


	(145,93)


	(145,145)


	(145,225)


	(145,278)


	(225,20)


	(225,27)


	(225,39)


	(225,93)


	(225,145)


	(225,225)


	(225,278)


	(278,20)


	(278,27)


	(278,39)


	(278,93)


	(278,145)


	(278,225)


	(278,278)

